0.622407909 0.377134851 0.99954276
0.429547101 0.242379252 0.6719263529999999
0.237001671 0.267495403 0.504497074
0.301818649 0.258392255 0.5602109040000001
0.409565316 0.315222495 0.724787811
0.214317707 0.451218376 0.665536083
0.418641845 0.289516631 0.708158476
0.366230261 0.280669596 0.646899857
0.239985912 0.349197015 0.589182927
0.408868551 0.273554341 0.682422892
0.429891894 0.228270437 0.658162331
0.176880098 0.374807008 0.551687106
0.450146777 0.260430892 0.7105776690000001
0.294294733 0.382058897 0.6763536299999999
0.45216108 0.244881829 0.697042909
0.344609451 0.331618376 0.676227827
0.401977123 0.286437236 0.688414359
0.19587527 0.309855155 0.505730425
0.407812408 0.367230198 0.775042606
0.281732855 0.338656673 0.620389528
0.349238393 0.234915354 0.584153747
0.075897045 0.347864555 0.4237616
0.235324623 0.241883096 0.47720771900000003
0.414538771 0.414814837 0.8293536079999999
0.35618618 0.282852947 0.639039127
0.308263779 0.261148485 0.569412264
0.351531602 0.384750836 0.7362824379999999
0.413973099 0.353702293 0.767675392
0.392675219 0.293938978 0.686614197
0.377202537 0.425175485 0.8023780220000001
0.0391846384 0.284571148 0.3237557864
0.313953529 0.254153321 0.5681068499999999
0.228571815 0.292566869 0.5211386840000001
0.274552363 0.289681106 0.564233469
0.364345023 0.322662317 0.68700734
0.389081119 0.338496063 0.727577182
0.377922421 0.309245215 0.6871676360000001
0.517570876 0.325877265 0.843448141
0.342106263 0.41093033 0.753036593
0.255002349 0.298024797 0.553027146
0.273946972 0.360943726 0.634890698
0.473668443 0.282561209 0.756229652
0.215570473 0.287773625 0.503344098
0.291227918 0.29703866 0.588266578
0.492027933 0.231306192 0.7233341249999999
0.451321203 0.322497257 0.77381846
0.380368393 0.318374448 0.6987428410000001
0.28304098 0.394547678 0.677588658
0.191338598 0.324232481 0.515571079
0.383124905 0.348084719 0.731209624
0.703530693 0.292183381 0.9957140740000001
0.288021063 0.259222498 0.547243561
0.401169774 0.328670954 0.729840728
0.348408046 0.246565661 0.5949737070000001
0.236968115 0.454009582 0.690977697
0.347970254 0.305955359 0.653925613
0.249724515 0.31955803 0.569282545
0.334760811 0.406845566 0.741606377
0.324031817 0.307531962 0.6315637789999999
0.365594753 0.389643864 0.7552386170000001
0.388699997 0.436493534 0.825193531
0.329836468 0.258774211 0.588610679
0.32340086 0.378085173 0.701486033
0.463049001 0.307513186 0.770562187
0.444633551 0.366748225 0.8113817759999999
0.339814276 0.240358766 0.580173042
0.314019128 0.429008452 0.7430275799999999
0.389176739 0.335800721 0.7249774600000001
0.48134134 0.339699264 0.821040604
0.315593205 0.365387024 0.680980229
0.476383731 0.420763294 0.897147025
0.269194023 0.244221724 0.513415747
0.442198677 0.270598324 0.712797001
0.345566563 0.284435538 0.630002101
0.270550257 0.247907442 0.518457699
0.381645592 0.336414677 0.718060269
0.339137567 0.363777691 0.702915258
0.309287864 0.429483297 0.7387711610000001
0.323417573 0.401822556 0.725240129
0.526935059 0.313494948 0.840430007
0.264787335 0.231303281 0.49609061600000004
0.420643867 0.284629321 0.705273188
0.31313467 0.330908498 0.644043168
0.298123445 0.302906045 0.6010294899999999
0.432025154 0.358888404 0.790913558
0.266027526 0.359500162 0.625527688
0.339630196 0.407672065 0.747302261
0.17411858 0.291727021 0.46584560099999994
0.38883952 0.294189326 0.683028846
0.281309277 0.302944548 0.584253825
0.181360485 0.323353421 0.504713906
0.522785861 0.428154275 0.950940136
0.490592941 0.295281401 0.7858743420000001
0.328699565 0.369066102 0.6977656670000001
0.279856415 0.267487067 0.547343482
0.258883053 0.336661227 0.5955442799999999
0.264961515 0.303649091 0.568610606
0.305785016 0.353010333 0.658795349
0.296897274 0.275480925 0.572378199
0.347161034 0.311490141 0.6586511749999999
